-1.09959 -2.40601 -2.57447
-0.024478 -2.44156 -2.48551
1.0743 -2.49719 -2.38118
-0.888013 -1.51775 -2.46328
0.110768 -1.41408 -2.54943
0.979515 -1.49643 -2.43045
-0.989375 -0.597529 -2.51626
0.0827826 -0.434517 -2.57395
1.06729 -0.576478 -2.48101
-1.04461 0.478876 -2.38185
-0.0806586 0.460364 -2.60171
0.921886 0.388952 -2.50782
-0.958213 1.39601 -2.52645
-0.0803043 1.61779 -2.41105
1.04144 1.52105 -2.5588
-0.977669 2.44521 -2.55508
-0.0969767 2.53181 -2.58369
1.10773 2.39023 -2.44358
-1.00828 -2.56659 -1.48284
0.0250967 -2.45248 -1.46048
0.921677 -2.43964 -1.42202
-0.939257 -1.54343 -1.49219
-0.084587 -1.42977 -1.40099
1.07065 -1.61774 -1.49759
-1.04906 -0.485619 -1.499
-0.0455961 -0.384181 -1.38853
0.987655 -0.547157 -1.60651
-0.927539 0.616115 -1.60774
-0.0624472 0.405128 -1.49165
1.00514 0.459195 -1.54377
-0.885314 1.55642 -1.39113
-0.108128 1.51741 -1.6054
1.07479 1.615 -1.5658
-1.02247 2.52857 -1.43891
0.0998372 2.38876 -1.42066
1.09687 2.42224 -1.48397
-1.04124 -2.5253 -0.508508
-0.0760156 -2.5582 -0.473468
0.927161 -2.58609 -0.459357
-0.92756 -1.58258 -0.506857
-0.0586252 -1.38145 -0.452297
1.08336 -1.60335 -0.573971
-1.11804 -0.514483 -0.526493
-0.0874423 -0.560185 -0.509266
1.04761 -0.570354 -0.576257
-1.02535 0.414191 -0.448244
-0.0064513 0.466813 -0.619926
1.11331 0.438223 -0.462973
-0.894352 1.5231 -0.403074
-0.0404324 1.45297 -0.457905
0.987948 1.47817 -0.471607
-0.941319 2.39136 -0.457751
-0.115632 2.50832 -0.394838
0.970731 2.49815 -0.45782
-0.931795 -2.40552 0.554508
-0.0428365 -2.58514 0.436924
0.930862 -2.56828 0.518762
-0.939324 -1.43034 0.412025
-0.0286908 -1.53035 0.453085
1.03475 -1.42256 0.567869
-0.994149 -0.569802 0.532166
0.0334962 -0.442653 0.543285
0.975857 -0.618299 0.443084
-0.912664 0.534608 0.529851
0.0302483 0.521496 0.611961
1.02771 0.492387 0.529044
-1.08189 1.4142 0.587603
-0.0967725 1.48901 0.458179
1.00345 1.41208 0.396739
-1.11291 2.61605 0.610088
-0.119516 2.47107 0.477377
0.928233 2.46548 0.556316
-0.969948 -2.53437 1.40811
0.0385058 -2.41536 1.42156
0.923156 -2.46792 1.49526
-1.01649 -1.43904 1.38694
-0.100309 -1.47408 1.5363
1.08498 -1.55359 1.53622
-1.10288 -0.585837 1.41021
0.106977 -0.395233 1.60043
0.907394 -0.444259 1.5573
-1.00042 0.545204 1.55526
0.0977701 0.592053 1.57322
1.08807 0.48088 1.49534
-0.934871 1.43205 1.3837
0.095537 1.52237 1.40052
0.919763 1.44954 1.61697
-0.897961 2.58138 1.57958
-0.0758656 2.53771 1.43333
0.973446 2.54821 1.39312
-0.913484 -2.45781 2.541
-0.117457 -2.60897 2.53921
1.1058 -2.54641 2.60844
-1.09392 -1.39599 2.46987
-0.0842878 -1.5616 2.47443
0.917545 -1.52777 2.61407
-0.92175 -0.543412 2.42436
-0.00669176 -0.417561 2.46264
1.03966 -0.515742 2.4744
-0.936967 0.570513 2.60587
0.00397837 0.611176 2.42651
0.95909 0.509761 2.59595
-1.07163 1.49496 2.57277
0.0776592 1.44942 2.60723
0.913134 1.55212 2.56407
-1.06724 2.41871 2.40681
0.0933207 2.53641 2.6009
1.10302 2.49653 2.51655
-1.09959 -2.40601 -2.57447
-0.024478 -2.44156 -2.48551
1.0743 -2.49719 -2.38118
-0.888013 -1.51775 -2.46328
0.110768 -1.41408 -2.54943
0.979515 -1.49643 -2.43045
-0.989375 -0.597529 -2.51626
0.0827826 -0.434517 -2.57395
1.06729 -0.576478 -2.48101
-1.04461 0.478876 -2.38185
-0.0806586 0.460364 -2.60171
0.921886 0.388952 -2.50782
-0.958213 1.39601 -2.52645
-0.0803043 1.61779 -2.41105
1.04144 1.52105 -2.5588
-0.977669 2.44521 -2.55508
-0.0969767 2.53181 -2.58369
1.10773 2.39023 -2.44358
-1.00828 -2.56659 -1.48284
0.0250967 -2.45248 -1.46048
0.921677 -2.43964 -1.42202
-0.939257 -1.54343 -1.49219
-0.084587 -1.42977 -1.40099
1.07065 -1.61774 -1.49759
-1.04906 -0.485619 -1.499
-0.0455961 -0.384181 -1.38853
0.987655 -0.547157 -1.60651
-0.927539 0.616115 -1.60774
-0.0624472 0.405128 -1.49165
1.00514 0.459195 -1.54377
-0.885314 1.55642 -1.39113
-0.108128 1.51741 -1.6054
1.07479 1.615 -1.5658
-1.02247 2.52857 -1.43891
0.0998372 2.38876 -1.42066
1.09687 2.42224 -1.48397
-1.04124 -2.5253 -0.508508
-0.0760156 -2.5582 -0.473468
0.927161 -2.58609 -0.459357
-0.92756 -1.58258 -0.506857
-0.0586252 -1.38145 -0.452297
1.08336 -1.60335 -0.573971
-1.11804 -0.514483 -0.526493
-0.0874423 -0.560185 -0.509266
1.04761 -0.570354 -0.576257
-1.02535 0.414191 -0.448244
-0.0064513 0.466813 -0.619926
1.11331 0.438223 -0.462973
-0.894352 1.5231 -0.403074
-0.0404324 1.45297 -0.457905
0.987948 1.47817 -0.471607
-0.941319 2.39136 -0.457751
-0.115632 2.50832 -0.394838
0.970731 2.49815 -0.45782
-0.931795 -2.40552 0.554508
-0.0428365 -2.58514 0.436924
0.930862 -2.56828 0.518762
-0.939324 -1.43034 0.412025
-0.0286908 -1.53035 0.453085
1.03475 -1.42256 0.567869
-0.994149 -0.569802 0.532166
0.0334962 -0.442653 0.543285
0.975857 -0.618299 0.443084
-0.912664 0.534608 0.529851
0.0302483 0.521496 0.611961
1.02771 0.492387 0.529044
-1.08189 1.4142 0.587603
-0.0967725 1.48901 0.458179
1.00345 1.41208 0.396739
-1.11291 2.61605 0.610088
-0.119516 2.47107 0.477377
0.928233 2.46548 0.556316
-0.969948 -2.53437 1.40811
0.0385058 -2.41536 1.42156
0.923156 -2.46792 1.49526
-1.01649 -1.43904 1.38694
-0.100309 -1.47408 1.5363
1.08498 -1.55359 1.53622
-1.10288 -0.585837 1.41021
0.106977 -0.395233 1.60043
0.907394 -0.444259 1.5573
-1.00042 0.545204 1.55526
0.0977701 0.592053 1.57322
1.08807 0.48088 1.49534
-0.934871 1.43205 1.3837
0.095537 1.52237 1.40052
0.919763 1.44954 1.61697
-0.897961 2.58138 1.57958
-0.0758656 2.53771 1.43333
0.973446 2.54821 1.39312
-0.913484 -2.45781 2.541
-0.117457 -2.60897 2.53921
1.1058 -2.54641 2.60844
-1.09392 -1.39599 2.46987
-0.0842878 -1.5616 2.47443
0.917545 -1.52777 2.61407
-0.92175 -0.543412 2.42436
-0.00669176 -0.417561 2.46264
1.03966 -0.515742 2.4744
-0.936967 0.570513 2.60587
0.00397837 0.611176 2.42651
0.95909 0.509761 2.59595
-1.07163 1.49496 2.57277
0.0776592 1.44942 2.60723
0.913134 1.55212 2.56407
-1.06724 2.41871 2.40681
0.0933207 2.53641 2.6009
1.10302 2.49653 2.51655
-2.5 -2.5 -2.5
-1.5 -2.5 -2.5
-0.5 -2.5 -2.5
0.5 -2.5 -2.5
1.5 -2.5 -2.5
2.5 -2.5 -2.5
-2.5 -1.5 -2.5
-1.5 -1.5 -2.5
-0.5 -1.5 -2.5
0.5 -1.5 -2.5
1.5 -1.5 -2.5
2.5 -1.5 -2.5
-2.5 -0.5 -2.5
-1.5 -0.5 -2.5
-0.5 -0.5 -2.5
0.5 -0.5 -2.5
1.5 -0.5 -2.5
2.5 -0.5 -2.5
-2.5 0.5 -2.5
-1.5 0.5 -2.5
-0.5 0.5 -2.5
0.5 0.5 -2.5
1.5 0.5 -2.5
2.5 0.5 -2.5
-2.5 1.5 -2.5
-1.5 1.5 -2.5
-0.5 1.5 -2.5
0.5 1.5 -2.5
1.5 1.5 -2.5
2.5 1.5 -2.5
-2.5 2.5 -2.5
-1.5 2.5 -2.5
-0.5 2.5 -2.5
0.5 2.5 -2.5
1.5 2.5 -2.5
2.5 2.5 -2.5
-2.5 -2.5 -1.5
-1.5 -2.5 -1.5
-0.5 -2.5 -1.5
0.5 -2.5 -1.5
1.5 -2.5 -1.5
2.5 -2.5 -1.5
-2.5 -1.5 -1.5
-1.5 -1.5 -1.5
-0.5 -1.5 -1.5
0.5 -1.5 -1.5
1.5 -1.5 -1.5
2.5 -1.5 -1.5
-2.5 -0.5 -1.5
-1.5 -0.5 -1.5
-0.5 -0.5 -1.5
0.5 -0.5 -1.5
1.5 -0.5 -1.5
2.5 -0.5 -1.5
-2.5 0.5 -1.5
-1.5 0.5 -1.5
-0.5 0.5 -1.5
0.5 0.5 -1.5
1.5 0.5 -1.5
2.5 0.5 -1.5
-2.5 1.5 -1.5
-1.5 1.5 -1.5
-0.5 1.5 -1.5
0.5 1.5 -1.5
1.5 1.5 -1.5
2.5 1.5 -1.5
-2.5 2.5 -1.5
-1.5 2.5 -1.5
-0.5 2.5 -1.5
0.5 2.5 -1.5
1.5 2.5 -1.5
2.5 2.5 -1.5
-2.5 -2.5 -0.5
-1.5 -2.5 -0.5
-0.5 -2.5 -0.5
0.5 -2.5 -0.5
1.5 -2.5 -0.5
2.5 -2.5 -0.5
-2.5 -1.5 -0.5
-1.5 -1.5 -0.5
-0.5 -1.5 -0.5
0.5 -1.5 -0.5
1.5 -1.5 -0.5
2.5 -1.5 -0.5
-2.5 -0.5 -0.5
-1.5 -0.5 -0.5
-0.5 -0.5 -0.5
0.5 -0.5 -0.5
1.5 -0.5 -0.5
2.5 -0.5 -0.5
-2.5 0.5 -0.5
-1.5 0.5 -0.5
-0.5 0.5 -0.5
0.5 0.5 -0.5
1.5 0.5 -0.5
2.5 0.5 -0.5
-2.5 1.5 -0.5
-1.5 1.5 -0.5
-0.5 1.5 -0.5
0.5 1.5 -0.5
1.5 1.5 -0.5
2.5 1.5 -0.5
-2.5 2.5 -0.5
-1.5 2.5 -0.5
-0.5 2.5 -0.5
0.5 2.5 -0.5
1.5 2.5 -0.5
2.5 2.5 -0.5
-2.5 -2.5 0.5
-1.5 -2.5 0.5
-0.5 -2.5 0.5
0.5 -2.5 0.5
1.5 -2.5 0.5
2.5 -2.5 0.5
-2.5 -1.5 0.5
-1.5 -1.5 0.5
-0.5 -1.5 0.5
0.5 -1.5 0.5
1.5 -1.5 0.5
2.5 -1.5 0.5
-2.5 -0.5 0.5
-1.5 -0.5 0.5
-0.5 -0.5 0.5
0.5 -0.5 0.5
1.5 -0.5 0.5
2.5 -0.5 0.5
-2.5 0.5 0.5
-1.5 0.5 0.5
-0.5 0.5 0.5
0.5 0.5 0.5
1.5 0.5 0.5
2.5 0.5 0.5
-2.5 1.5 0.5
-1.5 1.5 0.5
-0.5 1.5 0.5
0.5 1.5 0.5
1.5 1.5 0.5
2.5 1.5 0.5
-2.5 2.5 0.5
-1.5 2.5 0.5
-0.5 2.5 0.5
0.5 2.5 0.5
1.5 2.5 0.5
2.5 2.5 0.5
-2.5 -2.5 1.5
-1.5 -2.5 1.5
-0.5 -2.5 1.5
0.5 -2.5 1.5
1.5 -2.5 1.5
2.5 -2.5 1.5
-2.5 -1.5 1.5
-1.5 -1.5 1.5
-0.5 -1.5 1.5
0.5 -1.5 1.5
1.5 -1.5 1.5
2.5 -1.5 1.5
-2.5 -0.5 1.5
-1.5 -0.5 1.5
-0.5 -0.5 1.5
0.5 -0.5 1.5
1.5 -0.5 1.5
2.5 -0.5 1.5
-2.5 0.5 1.5
-1.5 0.5 1.5
-0.5 0.5 1.5
0.5 0.5 1.5
1.5 0.5 1.5
2.5 0.5 1.5
-2.5 1.5 1.5
-1.5 1.5 1.5
-0.5 1.5 1.5
0.5 1.5 1.5
1.5 1.5 1.5
2.5 1.5 1.5
-2.5 2.5 1.5
-1.5 2.5 1.5
-0.5 2.5 1.5
0.5 2.5 1.5
1.5 2.5 1.5
2.5 2.5 1.5
-2.5 -2.5 2.5
-1.5 -2.5 2.5
-0.5 -2.5 2.5
0.5 -2.5 2.5
1.5 -2.5 2.5
2.5 -2.5 2.5
-2.5 -1.5 2.5
-1.5 -1.5 2.5
-0.5 -1.5 2.5
0.5 -1.5 2.5
1.5 -1.5 2.5
2.5 -1.5 2.5
-2.5 -0.5 2.5
-1.5 -0.5 2.5
-0.5 -0.5 2.5
0.5 -0.5 2.5
1.5 -0.5 2.5
2.5 -0.5 2.5
-2.5 0.5 2.5
-1.5 0.5 2.5
-0.5 0.5 2.5
0.5 0.5 2.5
1.5 0.5 2.5
2.5 0.5 2.5
-2.5 1.5 2.5
-1.5 1.5 2.5
-0.5 1.5 2.5
0.5 1.5 2.5
1.5 1.5 2.5
2.5 1.5 2.5
-2.5 2.5 2.5
-1.5 2.5 2.5
-0.5 2.5 2.5
0.5 2.5 2.5
1.5 2.5 2.5
2.5 2.5 2.5
